 Resolving package versions...
 Installed RecipesBase ────────── v0.7.0
 Installed SimpleTraits ───────── v0.9.1
 Installed Inflate ────────────── v0.1.1
 Installed SimpleWeightedGraphs ─ v1.1.0
 Installed Omniscape ──────────── v0.1.2
 Installed DataStructures ─────── v0.17.6
 Installed IterativeSolvers ───── v0.8.1
 Installed LightGraphs ────────── v1.3.0
 Installed Compat ─────────────── v2.2.0
 Installed MacroTools ─────────── v0.5.2
 Installed OrderedCollections ─── v1.1.0
 Installed GZip ───────────────── v0.5.1
 Installed StaticArrays ───────── v0.12.1
 Installed AlgebraicMultigrid ─── v0.2.2
 Installed ArnoldiMethod ──────── v0.0.4
 Installed Circuitscape ───────── v5.5.5
  Updating `~/.julia/environments/v1.2/Project.toml`
  [a38d70fc] + Omniscape v0.1.2
  Updating `~/.julia/environments/v1.2/Manifest.toml`
  [2169fc97] + AlgebraicMultigrid v0.2.2
  [ec485272] + ArnoldiMethod v0.0.4
  [2b7a1792] + Circuitscape v5.5.5
  [34da2185] + Compat v2.2.0
  [864edb3b] + DataStructures v0.17.6
  [92fee26a] + GZip v0.5.1
  [d25df0c9] + Inflate v0.1.1
  [42fd0dbc] + IterativeSolvers v0.8.1
  [093fc24a] + LightGraphs v1.3.0
  [1914dd2f] + MacroTools v0.5.2
  [a38d70fc] + Omniscape v0.1.2
  [bac558e1] + OrderedCollections v1.1.0
  [3cdcf5f2] + RecipesBase v0.7.0
  [699a6c99] + SimpleTraits v0.9.1
  [47aef6b3] + SimpleWeightedGraphs v1.1.0
  [90137ffa] + StaticArrays v0.12.1
  [2a0f44e3] + Base64 
  [ade2ca70] + Dates 
  [8bb1440f] + DelimitedFiles 
  [8ba89e20] + Distributed 
  [b77e0a4c] + InteractiveUtils 
  [76f85450] + LibGit2 
  [8f399da3] + Libdl 
  [37e2e46d] + LinearAlgebra 
  [56ddb016] + Logging 
  [d6f4376e] + Markdown 
  [a63ad114] + Mmap 
  [44cfe95a] + Pkg 
  [de0858da] + Printf 
  [3fa0cd96] + REPL 
  [9a3f8284] + Random 
  [ea8e919c] + SHA 
  [9e88b42a] + Serialization 
  [1a1011a3] + SharedArrays 
  [6462fe0b] + Sockets 
  [2f01184e] + SparseArrays 
  [10745b16] + Statistics 
  [8dfed614] + Test 
  [cf7118a7] + UUIDs 
  [4ec0a83e] + Unicode 
   Testing Omniscape
    Status `/tmp/jl_wbqIqB/Manifest.toml`
  [2169fc97] AlgebraicMultigrid v0.2.2
  [ec485272] ArnoldiMethod v0.0.4
  [2b7a1792] Circuitscape v5.5.5
  [34da2185] Compat v2.2.0
  [864edb3b] DataStructures v0.17.6
  [92fee26a] GZip v0.5.1
  [d25df0c9] Inflate v0.1.1
  [42fd0dbc] IterativeSolvers v0.8.1
  [093fc24a] LightGraphs v1.3.0
  [1914dd2f] MacroTools v0.5.2
  [a38d70fc] Omniscape v0.1.2
  [bac558e1] OrderedCollections v1.1.0
  [3cdcf5f2] RecipesBase v0.7.0
  [699a6c99] SimpleTraits v0.9.1
  [47aef6b3] SimpleWeightedGraphs v1.1.0
  [90137ffa] StaticArrays v0.12.1
  [2a0f44e3] Base64  [`@stdlib/Base64`]
  [ade2ca70] Dates  [`@stdlib/Dates`]
  [8bb1440f] DelimitedFiles  [`@stdlib/DelimitedFiles`]
  [8ba89e20] Distributed  [`@stdlib/Distributed`]
  [b77e0a4c] InteractiveUtils  [`@stdlib/InteractiveUtils`]
  [76f85450] LibGit2  [`@stdlib/LibGit2`]
  [8f399da3] Libdl  [`@stdlib/Libdl`]
  [37e2e46d] LinearAlgebra  [`@stdlib/LinearAlgebra`]
  [56ddb016] Logging  [`@stdlib/Logging`]
  [d6f4376e] Markdown  [`@stdlib/Markdown`]
  [a63ad114] Mmap  [`@stdlib/Mmap`]
  [44cfe95a] Pkg  [`@stdlib/Pkg`]
  [de0858da] Printf  [`@stdlib/Printf`]
  [3fa0cd96] REPL  [`@stdlib/REPL`]
  [9a3f8284] Random  [`@stdlib/Random`]
  [ea8e919c] SHA  [`@stdlib/SHA`]
  [9e88b42a] Serialization  [`@stdlib/Serialization`]
  [1a1011a3] SharedArrays  [`@stdlib/SharedArrays`]
  [6462fe0b] Sockets  [`@stdlib/Sockets`]
  [2f01184e] SparseArrays  [`@stdlib/SparseArrays`]
  [10745b16] Statistics  [`@stdlib/Statistics`]
  [8dfed614] Test  [`@stdlib/Test`]
  [cf7118a7] UUIDs  [`@stdlib/UUIDs`]
  [4ec0a83e] Unicode  [`@stdlib/Unicode`]
[ Info: 2019-12-02 18:29:38 : Time taken to construct preconditioner = 2.498128272 seconds
[ Info: 2019-12-02 18:29:39 : Time taken to solve linear system = 0.01595969 seconds
[ Info: 2019-12-02 18:29:39 : Time taken to construct preconditioner = 0.000526588 seconds
[ Info: 2019-12-02 18:29:39 : Time taken to solve linear system = 0.000366393 seconds
time taken to calculate artifact correction array: 4.114959001541138 seconds
Solving targets
Solving target 1 of 100
[ Info: 2019-12-02 18:29:39 : Time taken to construct preconditioner = 0.000912645 seconds
[ Info: 2019-12-02 18:29:39 : Time taken to solve linear system = 0.000148923 seconds
[ Info: 2019-12-02 18:29:39 : Time taken to construct preconditioner = 0.000320491 seconds
[ Info: 2019-12-02 18:29:39 : Time taken to solve linear system = 0.000229821 seconds
Solving target 2 of 100
Solving target 3 of 100
[ Info: 2019-12-02 18:29:39 : Time taken to construct preconditioner = 0.000392094 seconds
[ Info: 2019-12-02 18:29:39 : Time taken to solve linear system = 0.000246133 seconds
Solving target 4 of 100
Solving target 5 of 100
Solving target 6 of 100
[ Info: 2019-12-02 18:29:39 : Time taken to construct preconditioner = 0.000369263 seconds
[ Info: 2019-12-02 18:29:39 : Time taken to solve linear system = 0.000283741 seconds
[ Info: 2019-12-02 18:29:39 : Time taken to construct preconditioner = 0.000352729 seconds
[ Info: 2019-12-02 18:29:39 : Time taken to solve linear system = 0.000256916 seconds
[ Info: 2019-12-02 18:29:39 : Time taken to construct preconditioner = 0.000344739 seconds
[ Info: 2019-12-02 18:29:39 : Time taken to solve linear system = 0.000812363 seconds
[ Info: 2019-12-02 18:29:39 : Time taken to construct preconditioner = 0.000360379 seconds
[ Info: 2019-12-02 18:29:39 : Time taken to solve linear system = 0.000296601 seconds
Solving target 7 of 100
Solving target 8 of 100
[ Info: 2019-12-02 18:29:39 : Time taken to construct preconditioner = 0.00033661 seconds
[ Info: 2019-12-02 18:29:39 : Time taken to solve linear system = 0.00029751 seconds
[ Info: 2019-12-02 18:29:39 : Time taken to construct preconditioner = 0.000309991 seconds
[ Info: 2019-12-02 18:29:39 : Time taken to solve linear system = 0.000197806 seconds
Solving target 9 of 100
Solving target 10 of 100
[ Info: 2019-12-02 18:29:39 : Time taken to construct preconditioner = 0.000880686 seconds
[ Info: 2019-12-02 18:29:39 : Time taken to solve linear system = 0.000142965 seconds
Solving target 11 of 100
Solving target 12 of 100
Solving target 13 of 100
[ Info: 2019-12-02 18:29:39 : Time taken to construct preconditioner = 0.000315474 seconds
[ Info: 2019-12-02 18:29:39 : Time taken to solve linear system = 0.000197825 seconds
[ Info: 2019-12-02 18:29:39 : Time taken to construct preconditioner = 0.000416543 seconds
[ Info: 2019-12-02 18:29:39 : Time taken to solve linear system = 0.000282289 seconds
[ Info: 2019-12-02 18:29:39 : Time taken to construct preconditioner = 0.000453789 seconds
[ Info: 2019-12-02 18:29:39 : Time taken to solve linear system = 0.000313968 seconds
Solving target 14 of 100
[ Info: 2019-12-02 18:29:39 : Time taken to construct preconditioner = 0.000491753 seconds
[ Info: 2019-12-02 18:29:39 : Time taken to solve linear system = 0.000364487 seconds
Solving target 15 of 100
Solving target 16 of 100
[ Info: 2019-12-02 18:29:39 : Time taken to construct preconditioner = 0.000460849 seconds
[ Info: 2019-12-02 18:29:39 : Time taken to solve linear system = 0.000360003 seconds
[ Info: 2019-12-02 18:29:39 : Time taken to construct preconditioner = 0.000972344 seconds
[ Info: 2019-12-02 18:29:39 : Time taken to solve linear system = 0.000367752 seconds
Solving target 17 of 100
Solving target 18 of 100
Solving target 19 of 100
[ Info: 2019-12-02 18:29:39 : Time taken to construct preconditioner = 0.000540369 seconds
[ Info: 2019-12-02 18:29:39 : Time taken to solve linear system = 0.000409348 seconds
[ Info: 2019-12-02 18:29:39 : Time taken to construct preconditioner = 0.00047094 seconds
[ Info: 2019-12-02 18:29:39 : Time taken to solve linear system = 0.00040408 seconds
[ Info: 2019-12-02 18:29:39 : Time taken to construct preconditioner = 0.000408853 seconds
[ Info: 2019-12-02 18:29:39 : Time taken to solve linear system = 0.000327355 seconds
[ Info: 2019-12-02 18:29:39 : Time taken to construct preconditioner = 0.000303778 seconds
[ Info: 2019-12-02 18:29:39 : Time taken to solve linear system = 0.000214676 seconds
[ Info: 2019-12-02 18:29:39 : Time taken to construct preconditioner = 0.0003473 seconds
[ Info: 2019-12-02 18:29:39 : Time taken to solve linear system = 0.000216137 seconds
Solving target 20 of 100
Solving target 21 of 100
Solving target 22 of 100
[ Info: 2019-12-02 18:29:39 : Time taken to construct preconditioner = 0.001115537 seconds
[ Info: 2019-12-02 18:29:39 : Time taken to solve linear system = 0.000332671 seconds
Solving target 23 of 100
Solving target 24 of 100
Solving target 25 of 100
[ Info: 2019-12-02 18:29:39 : Time taken to construct preconditioner = 0.000512715 seconds
[ Info: 2019-12-02 18:29:39 : Time taken to solve linear system = 0.000357411 seconds
[ Info: 2019-12-02 18:29:39 : Time taken to construct preconditioner = 0.000522657 seconds
[ Info: 2019-12-02 18:29:39 : Time taken to solve linear system = 0.000363227 seconds
[ Info: 2019-12-02 18:29:39 : Time taken to construct preconditioner = 0.000534925 seconds
[ Info: 2019-12-02 18:29:39 : Time taken to solve linear system = 0.000431746 seconds
Solving target 26 of 100
Solving target 27 of 100
[ Info: 2019-12-02 18:29:39 : Time taken to construct preconditioner = 0.000546264 seconds
[ Info: 2019-12-02 18:29:39 : Time taken to solve linear system = 0.000467565 seconds
[ Info: 2019-12-02 18:29:39 : Time taken to construct preconditioner = 0.000538576 seconds
[ Info: 2019-12-02 18:29:39 : Time taken to solve linear system = 0.000482021 seconds
[ Info: 2019-12-02 18:29:39 : Time taken to construct preconditioner = 0.000534237 seconds
Solving target 28 of 100
Solving target 29 of 100
Solving target 30 of 100
[ Info: 2019-12-02 18:29:39 : Time taken to solve linear system = 0.000507699 seconds
[ Info: 2019-12-02 18:29:39 : Time taken to construct preconditioner = 0.000486025 seconds
[ Info: 2019-12-02 18:29:39 : Time taken to solve linear system = 0.000470592 seconds
Solving target 31 of 100
Solving target 32 of 100
[ Info: 2019-12-02 18:29:39 : Time taken to construct preconditioner = 0.000300574 seconds
[ Info: 2019-12-02 18:29:39 : Time taken to solve linear system = 0.000291419 seconds
[ Info: 2019-12-02 18:29:39 : Time taken to construct preconditioner = 0.00035322 seconds
[ Info: 2019-12-02 18:29:39 : Time taken to solve linear system = 0.000197192 seconds
[ Info: 2019-12-02 18:29:39 : Time taken to construct preconditioner = 0.000486802 seconds
[ Info: 2019-12-02 18:29:39 : Time taken to solve linear system = 0.000364338 seconds
[ Info: 2019-12-02 18:29:39 : Time taken to construct preconditioner = 0.000519774 seconds
Solving target 33 of 100
[ Info: 2019-12-02 18:29:39 : Time taken to solve linear system = 0.000426874 seconds
Solving target 34 of 100
Solving target 35 of 100
Solving target 36 of 100
[ Info: 2019-12-02 18:29:39 : Time taken to construct preconditioner = 0.000505821 seconds
[ Info: 2019-12-02 18:29:39 : Time taken to solve linear system = 0.00043732 seconds
[ Info: 2019-12-02 18:29:39 : Time taken to construct preconditioner = 0.000504273 seconds
[ Info: 2019-12-02 18:29:39 : Time taken to solve linear system = 0.000427598 seconds
[ Info: 2019-12-02 18:29:39 : Time taken to construct preconditioner = 0.000578252 seconds
[ Info: 2019-12-02 18:29:39 : Time taken to solve linear system = 0.00042555 seconds
[ Info: 2019-12-02 18:29:39 : Time taken to construct preconditioner = 0.000532911 seconds
[ Info: 2019-12-02 18:29:39 : Time taken to solve linear system = 0.000426156 seconds
Solving target 37 of 100
Solving target 38 of 100
[ Info: 2019-12-02 18:29:39 : Time taken to construct preconditioner = 0.000493025 seconds
Solving target 39 of 100
Solving target 40 of 100
Solving target 41 of 100
Solving target 42 of 100
[ Info: 2019-12-02 18:29:39 : Time taken to solve linear system = 0.000474202 seconds
[ Info: 2019-12-02 18:29:39 : Time taken to construct preconditioner = 0.000455283 seconds
[ Info: 2019-12-02 18:29:39 : Time taken to solve linear system = 0.000417064 seconds
[ Info: 2019-12-02 18:29:39 : Time taken to construct preconditioner = 0.000337339 seconds
[ Info: 2019-12-02 18:29:39 : Time taken to solve linear system = 0.00029398 seconds
[ Info: 2019-12-02 18:29:39 : Time taken to construct preconditioner = 0.000338042 seconds
[ Info: 2019-12-02 18:29:39 : Time taken to solve linear system = 0.000229053 seconds
[ Info: 2019-12-02 18:29:39 : Time taken to construct preconditioner = 0.000498471 seconds
[ Info: 2019-12-02 18:29:39 : Time taken to solve linear system = 0.000315751 seconds
Solving target 43 of 100
Solving target 44 of 100
[ Info: 2019-12-02 18:29:39 : Time taken to construct preconditioner = 0.000529403 seconds
[ Info: 2019-12-02 18:29:39 : Time taken to solve linear system = 0.000356768 seconds
[ Info: 2019-12-02 18:29:39 : Time taken to construct preconditioner = 0.000537362 seconds
[ Info: 2019-12-02 18:29:39 : Time taken to solve linear system = 0.000356139 seconds
Solving target 45 of 100
[ Info: 2019-12-02 18:29:39 : Time taken to construct preconditioner = 0.000487967 seconds
Solving target 46 of 100
Solving target 47 of 100
[ Info: 2019-12-02 18:29:39 : Time taken to solve linear system = 0.000495052 seconds
[ Info: 2019-12-02 18:29:39 : Time taken to construct preconditioner = 0.000490118 seconds
[ Info: 2019-12-02 18:29:39 : Time taken to solve linear system = 0.000360434 seconds
[ Info: 2019-12-02 18:29:39 : Time taken to construct preconditioner = 0.000497161 seconds
[ Info: 2019-12-02 18:29:39 : Time taken to solve linear system = 0.000467238 seconds
[ Info: 2019-12-02 18:29:39 : Time taken to construct preconditioner = 0.000480643 seconds
[ Info: 2019-12-02 18:29:39 : Time taken to solve linear system = 0.000587754 seconds
[ Info: 2019-12-02 18:29:39 : Time taken to construct preconditioner = 0.000432443 seconds
[ Info: 2019-12-02 18:29:39 : Time taken to solve linear system = 0.000406324 seconds
Solving target 48 of 100
Solving target 49 of 100
Solving target 50 of 100
[ Info: 2019-12-02 18:29:39 : Time taken to construct preconditioner = 0.000341452 seconds
[ Info: 2019-12-02 18:29:39 : Time taken to solve linear system = 0.000295323 seconds
[ Info: 2019-12-02 18:29:39 : Time taken to construct preconditioner = 0.000336861 seconds
[ Info: 2019-12-02 18:29:39 : Time taken to solve linear system = 0.000232092 seconds
[ Info: 2019-12-02 18:29:39 : Time taken to construct preconditioner = 0.000451258 seconds
[ Info: 2019-12-02 18:29:39 : Time taken to solve linear system = 0.000315632 seconds
[ Info: 2019-12-02 18:29:39 : Time taken to construct preconditioner = 0.000481748 seconds
[ Info: 2019-12-02 18:29:39 : Time taken to solve linear system = 0.000473759 seconds
Solving target 51 of 100
Solving target 52 of 100
Solving target 53 of 100
Solving target 54 of 100
Solving target 55 of 100
Solving target 56 of 100
[ Info: 2019-12-02 18:29:39 : Time taken to construct preconditioner = 0.000487023 seconds
[ Info: 2019-12-02 18:29:39 : Time taken to solve linear system = 0.000416126 seconds
[ Info: 2019-12-02 18:29:39 : Time taken to construct preconditioner = 0.000686307 seconds
[ Info: 2019-12-02 18:29:39 : Time taken to solve linear system = 0.000522308 seconds
[ Info: 2019-12-02 18:29:39 : Time taken to construct preconditioner = 0.000490667 seconds
[ Info: 2019-12-02 18:29:39 : Time taken to solve linear system = 0.000663921 seconds
[ Info: 2019-12-02 18:29:39 : Time taken to construct preconditioner = 0.000482438 seconds
[ Info: 2019-12-02 18:29:39 : Time taken to solve linear system = 0.000582404 seconds
[ Info: 2019-12-02 18:29:39 : Time taken to construct preconditioner = 0.000450627 seconds
[ Info: 2019-12-02 18:29:39 : Time taken to solve linear system = 0.000439065 seconds
[ Info: 2019-12-02 18:29:39 : Time taken to construct preconditioner = 0.000429041 seconds
Solving target 57 of 100
Solving target 58 of 100
Solving target 59 of 100
[ Info: 2019-12-02 18:29:39 : Time taken to solve linear system = 0.000486067 seconds
[ Info: 2019-12-02 18:29:39 : Time taken to construct preconditioner = 0.000343271 seconds
[ Info: 2019-12-02 18:29:39 : Time taken to solve linear system = 0.000294094 seconds
[ Info: 2019-12-02 18:29:39 : Time taken to construct preconditioner = 0.000339077 seconds
[ Info: 2019-12-02 18:29:39 : Time taken to solve linear system = 0.000352746 seconds
[ Info: 2019-12-02 18:29:39 : Time taken to construct preconditioner = 0.000448661 seconds
[ Info: 2019-12-02 18:29:39 : Time taken to solve linear system = 0.000364829 seconds
Solving target 60 of 100
Solving target 61 of 100
Solving target 62 of 100
Solving target 63 of 100
[ Info: 2019-12-02 18:29:39 : Time taken to construct preconditioner = 0.000607435 seconds
[ Info: 2019-12-02 18:29:39 : Time taken to solve linear system = 0.000405823 seconds
[ Info: 2019-12-02 18:29:39 : Time taken to construct preconditioner = 0.000471035 seconds
[ Info: 2019-12-02 18:29:39 : Time taken to solve linear system = 0.000461314 seconds
Solving target 64 of 100
Solving target 65 of 100
Solving target 66 of 100
[ Info: 2019-12-02 18:29:39 : Time taken to construct preconditioner = 0.00047962 seconds
[ Info: 2019-12-02 18:29:39 : Time taken to solve linear system = 0.000463409 seconds
[ Info: 2019-12-02 18:29:39 : Time taken to construct preconditioner = 0.00050235 seconds
[ Info: 2019-12-02 18:29:39 : Time taken to solve linear system = 0.000527773 seconds
[ Info: 2019-12-02 18:29:39 : Time taken to construct preconditioner = 0.000493216 seconds
[ Info: 2019-12-02 18:29:39 : Time taken to solve linear system = 0.000432743 seconds
Solving target 67 of 100
Solving target 68 of 100
[ Info: 2019-12-02 18:29:39 : Time taken to construct preconditioner = 0.000505748 seconds
[ Info: 2019-12-02 18:29:39 : Time taken to solve linear system = 0.000548018 seconds
Solving target 69 of 100
[ Info: 2019-12-02 18:29:39 : Time taken to construct preconditioner = 0.000454197 seconds
[ Info: 2019-12-02 18:29:39 : Time taken to solve linear system = 0.000355642 seconds
Solving target 70 of 100
[ Info: 2019-12-02 18:29:39 : Time taken to construct preconditioner = 0.000343862 seconds
[ Info: 2019-12-02 18:29:39 : Time taken to solve linear system = 0.000258871 seconds
Solving target 71 of 100
[ Info: 2019-12-02 18:29:39 : Time taken to construct preconditioner = 0.000361288 seconds
[ Info: 2019-12-02 18:29:39 : Time taken to solve linear system = 0.000222101 seconds
[ Info: 2019-12-02 18:29:39 : Time taken to construct preconditioner = 0.000435554 seconds
[ Info: 2019-12-02 18:29:39 : Time taken to solve linear system = 0.000360516 seconds
Solving target 72 of 100
Solving target 73 of 100
[ Info: 2019-12-02 18:29:39 : Time taken to construct preconditioner = 0.000493084 seconds
[ Info: 2019-12-02 18:29:39 : Time taken to solve linear system = 0.000474781 seconds
[ Info: 2019-12-02 18:29:39 : Time taken to construct preconditioner = 0.000487015 seconds
Solving target 74 of 100
[ Info: 2019-12-02 18:29:39 : Time taken to solve linear system = 0.000592641 seconds
[ Info: 2019-12-02 18:29:39 : Time taken to construct preconditioner = 0.000493505 seconds
[ Info: 2019-12-02 18:29:39 : Time taken to solve linear system = 0.000476351 seconds
Solving target 75 of 100
Solving target 76 of 100
[ Info: 2019-12-02 18:29:39 : Time taken to construct preconditioner = 0.00048554 seconds
[ Info: 2019-12-02 18:29:39 : Time taken to solve linear system = 0.000532285 seconds
[ Info: 2019-12-02 18:29:39 : Time taken to construct preconditioner = 0.000503865 seconds
Solving target 77 of 100
[ Info: 2019-12-02 18:29:39 : Time taken to solve linear system = 0.000526166 seconds
Solving target 78 of 100
[ Info: 2019-12-02 18:29:39 : Time taken to construct preconditioner = 0.00784783 seconds
[ Info: 2019-12-02 18:29:39 : Time taken to solve linear system = 0.000410777 seconds
Solving target 79 of 100
[ Info: 2019-12-02 18:29:39 : Time taken to construct preconditioner = 0.000445362 seconds
[ Info: 2019-12-02 18:29:39 : Time taken to solve linear system = 0.000315888 seconds
[ Info: 2019-12-02 18:29:39 : Time taken to construct preconditioner = 0.0003477 seconds
[ Info: 2019-12-02 18:29:39 : Time taken to solve linear system = 0.000222825 seconds
Solving target 80 of 100
Solving target 81 of 100
[ Info: 2019-12-02 18:29:39 : Time taken to construct preconditioner = 0.000316929 seconds
[ Info: 2019-12-02 18:29:39 : Time taken to solve linear system = 0.000192057 seconds
[ Info: 2019-12-02 18:29:39 : Time taken to construct preconditioner = 0.0003867 seconds
[ Info: 2019-12-02 18:29:39 : Time taken to solve linear system = 0.000318519 seconds
Solving target 82 of 100
Solving target 83 of 100
[ Info: 2019-12-02 18:29:39 : Time taken to construct preconditioner = 0.000442752 seconds
[ Info: 2019-12-02 18:29:39 : Time taken to solve linear system = 0.000356101 seconds
Solving target 84 of 100
[ Info: 2019-12-02 18:29:39 : Time taken to construct preconditioner = 0.000427813 seconds
[ Info: 2019-12-02 18:29:39 : Time taken to solve linear system = 0.000357726 seconds
[ Info: 2019-12-02 18:29:39 : Time taken to construct preconditioner = 0.000428014 seconds
[ Info: 2019-12-02 18:29:39 : Time taken to solve linear system = 0.000410265 seconds
Solving target 85 of 100
Solving target 86 of 100
[ Info: 2019-12-02 18:29:39 : Time taken to construct preconditioner = 0.000425827 seconds
[ Info: 2019-12-02 18:29:39 : Time taken to solve linear system = 0.00045965 seconds
[ Info: 2019-12-02 18:29:39 : Time taken to construct preconditioner = 0.000424854 seconds
Solving target 87 of 100
[ Info: 2019-12-02 18:29:39 : Time taken to solve linear system = 0.000360024 seconds
Solving target 88 of 100
Solving target 89 of 100
[ Info: 2019-12-02 18:29:39 : Time taken to construct preconditioner = 0.000437646 seconds
[ Info: 2019-12-02 18:29:39 : Time taken to solve linear system = 0.000307692 seconds
[ Info: 2019-12-02 18:29:39 : Time taken to construct preconditioner = 0.000290704 seconds
Solving target 90 of 100
Solving target 91 of 100
[ Info: 2019-12-02 18:29:39 : Time taken to solve linear system = 0.000358731 seconds
[ Info: 2019-12-02 18:29:39 : Time taken to construct preconditioner = 0.000376961 seconds
[ Info: 2019-12-02 18:29:39 : Time taken to solve linear system = 0.000170818 seconds
[ Info: 2019-12-02 18:29:39 : Time taken to construct preconditioner = 0.000310402 seconds
[ Info: 2019-12-02 18:29:39 : Time taken to solve linear system = 0.000112638 seconds
[ Info: 2019-12-02 18:29:39 : Time taken to construct preconditioner = 0.000227154 seconds
[ Info: 2019-12-02 18:29:39 : Time taken to solve linear system = 0.000201466 seconds
[ Info: 2019-12-02 18:29:39 : Time taken to construct preconditioner = 0.000255696 seconds
[ Info: 2019-12-02 18:29:39 : Time taken to solve linear system = 0.000249092 seconds
[ Info: 2019-12-02 18:29:39 : Time taken to construct preconditioner = 0.000253946 seconds
[ Info: 2019-12-02 18:29:39 : Time taken to solve linear system = 0.000255633 seconds
[ Info: 2019-12-02 18:29:39 : Time taken to construct preconditioner = 0.000246672 seconds
[ Info: 2019-12-02 18:29:39 : Time taken to solve linear system = 0.00028915 seconds
Solving target 92 of 100
Solving target 93 of 100
Solving target 94 of 100
Solving target 95 of 100
Solving target 96 of 100
Solving target 97 of 100
Solving target 98 of 100
[ Info: 2019-12-02 18:29:39 : Time taken to construct preconditioner = 0.000250228 seconds
[ Info: 2019-12-02 18:29:39 : Time taken to solve linear system = 0.000210525 seconds
[ Info: 2019-12-02 18:29:39 : Time taken to construct preconditioner = 0.00023655 seconds
[ Info: 2019-12-02 18:29:39 : Time taken to solve linear system = 0.000225735 seconds
[ Info: 2019-12-02 18:29:39 : Time taken to construct preconditioner = 0.000262667 seconds
[ Info: 2019-12-02 18:29:39 : Time taken to solve linear system = 0.000221814 seconds
[ Info: 2019-12-02 18:29:39 : Time taken to construct preconditioner = 0.00022339 seconds
[ Info: 2019-12-02 18:29:39 : Time taken to solve linear system = 0.000188648 seconds
[ Info: 2019-12-02 18:29:39 : Time taken to construct preconditioner = 0.000319182 seconds
[ Info: 2019-12-02 18:29:39 : Time taken to solve linear system = 0.000124395 seconds
Solving target 99 of 100
Solving target 100 of 100
Done
Time taken to complete job: 6.4 seconds
┌ Warning: block_size is even, but must be odd. Using block_size + 1.
└ @ Omniscape ~/.julia/packages/Omniscape/8T6Cm/src/run_omniscape.jl:23
Starting up Omniscape to use 4 processes in parallel
[ Info: 2019-12-02 18:30:03 : Time taken to construct preconditioner = 0.000424828 seconds
[ Info: 2019-12-02 18:30:03 : Time taken to solve linear system = 0.000287742 seconds
[ Info: 2019-12-02 18:30:03 : Time taken to construct preconditioner = 0.000442761 seconds
[ Info: 2019-12-02 18:30:03 : Time taken to solve linear system = 0.000330918 seconds
time taken to calculate artifact correction array: 0.013015031814575195 seconds
Solving targets
      From worker 5:	Solving target 4 of 100
      From worker 3:	Solving target 2 of 100
[ Info: 2019-12-02 18:30:48 : Time taken to construct preconditioner = 3.604341345 seconds
[ Info: 2019-12-02 18:30:49 : Time taken to solve linear system = 0.010217342 seconds
      From worker 5:	    calculating flow potential
[ Info: 2019-12-02 18:30:49 : Time taken to construct preconditioner = 0.000470142 seconds
[ Info: 2019-12-02 18:30:49 : Time taken to solve linear system = 0.000295236 seconds
[ Info: 2019-12-02 18:30:51 : Time taken to construct preconditioner = 0.000311859 seconds
[ Info: 2019-12-02 18:30:51 : Time taken to solve linear system = 0.000265163 seconds
[ Info: 2019-12-02 18:30:51 : Time taken to construct preconditioner = 0.000397707 seconds
[ Info: 2019-12-02 18:30:51 : Time taken to solve linear system = 0.000299757 seconds
      From worker 5:	Solving target 5 of 100
      From worker 5:	    calculating flow potential[ Info: 2019-12-02 18:30:51 : Time taken to construct preconditioner = 0.000341327 seconds
[ Info: 2019-12-02 18:30:51 : Time taken to solve linear system = 0.000267156 seconds
[ Info: 2019-12-02 18:30:51 : Time taken to construct preconditioner = 0.000418582 seconds
[ Info: 2019-12-02 18:30:51 : Time taken to solve linear system = 0.000292404 seconds

      From worker 5:	Solving target 6 of 100
[ Info: 2019-12-02 18:30:51 : Time taken to construct preconditioner = 0.000330807 seconds
[ Info: 2019-12-02 18:30:51 : Time taken to solve linear system = 0.000291643 seconds
      From worker 5:	    calculating flow potential
      From worker 5:	Solving target 7 of 100
      From worker 5:	    calculating flow potential
[ Info: 2019-12-02 18:30:51 : Time taken to construct preconditioner = 0.000385598 seconds
[ Info: 2019-12-02 18:30:51 : Time taken to solve linear system = 0.000277863 seconds
[ Info: 2019-12-02 18:30:51 : Time taken to construct preconditioner = 0.000336713 seconds
[ Info: 2019-12-02 18:30:51 : Time taken to solve linear system = 0.000280646 seconds
[ Info: 2019-12-02 18:30:51 : Time taken to construct preconditioner = 0.000374722 seconds
[ Info: 2019-12-02 18:30:51 : Time taken to solve linear system = 0.000311962 seconds
      From worker 5:	Solving target 8 of 100
      From worker 5:	    calculating flow potential
      From worker 5:	Solving target 9 of 100
[ Info: 2019-12-02 18:30:51 : Time taken to construct preconditioner = 0.000928891 seconds
[ Info: 2019-12-02 18:30:51 : Time taken to solve linear system = 0.000209776 seconds
[ Info: 2019-12-02 18:30:51 : Time taken to construct preconditioner = 0.000324242 seconds
      From worker 5:	    calculating flow potential
[ Info: 2019-12-02 18:30:51 : Time taken to solve linear system = 0.000265391 seconds
[ Info: 2019-12-02 18:30:51 : Time taken to construct preconditioner = 0.000370936 seconds
      From worker 5:	Solving target 10 of 100
[ Info: 2019-12-02 18:30:51 : Time taken to solve linear system = 0.00014513 seconds
      From worker 5:	    calculating flow potential
[ Info: 2019-12-02 18:30:51 : Time taken to construct preconditioner = 0.000469914 seconds
[ Info: 2019-12-02 18:30:51 : Time taken to solve linear system = 0.000149759 seconds
      From worker 5:	Solving target 11 of 100
[ Info: 2019-12-02 18:30:51 : Time taken to construct preconditioner = 0.000276334 seconds
[ Info: 2019-12-02 18:30:51 : Time taken to solve linear system = 0.000204718 seconds
      From worker 5:	    calculating flow potential
[ Info: 2019-12-02 18:30:51 : Time taken to construct preconditioner = 0.00035714 seconds
[ Info: 2019-12-02 18:30:51 : Time taken to solve linear system = 0.000246589 seconds
      From worker 5:	Solving target 12 of 100
[ Info: 2019-12-02 18:30:51 : Time taken to construct preconditioner = 0.000397093 seconds
[ Info: 2019-12-02 18:30:51 : Time taken to solve linear system = 0.000273734 seconds
      From worker 5:	    calculating flow potential
[ Info: 2019-12-02 18:30:51 : Time taken to construct preconditioner = 0.000445429 seconds
[ Info: 2019-12-02 18:30:51 : Time taken to solve linear system = 0.000291377 seconds
      From worker 5:	Solving target 13 of 100
[ Info: 2019-12-02 18:30:51 : Time taken to construct preconditioner = 0.000437904 seconds
[ Info: 2019-12-02 18:30:51 : Time taken to solve linear system = 0.000315943 seconds
      From worker 5:	    calculating flow potential
[ Info: 2019-12-02 18:30:51 : Time taken to construct preconditioner = 0.000545232 seconds
[ Info: 2019-12-02 18:30:51 : Time taken to solve linear system = 0.000402885 seconds
      From worker 5:	Solving target 14 of 100
[ Info: 2019-12-02 18:30:51 : Time taken to construct preconditioner = 0.000466113 seconds
[ Info: 2019-12-02 18:30:51 : Time taken to solve linear system = 0.000353163 seconds
      From worker 5:	    calculating flow potential
[ Info: 2019-12-02 18:30:51 : Time taken to construct preconditioner = 0.000531435 seconds
[ Info: 2019-12-02 18:30:51 : Time taken to solve linear system = 0.00041278 seconds
      From worker 5:	Solving target 15 of 100
[ Info: 2019-12-02 18:30:51 : Time taken to construct preconditioner = 0.000426346 seconds
[ Info: 2019-12-02 18:30:51 : Time taken to solve linear system = 0.000347698 seconds
      From worker 5:	    calculating flow potential
[ Info: 2019-12-02 18:30:51 : Time taken to construct preconditioner = 0.000556085 seconds
[ Info: 2019-12-02 18:30:51 : Time taken to solve linear system = 0.000408471 seconds
      From worker 5:	Solving target 16 of 100
[ Info: 2019-12-02 18:30:51 : Time taken to construct preconditioner = 0.000436278 seconds
[ Info: 2019-12-02 18:30:51 : Time taken to solve linear system = 0.000341422 seconds
      From worker 5:	    calculating flow potential
[ Info: 2019-12-02 18:30:51 : Time taken to construct preconditioner = 0.000536396 seconds
[ Info: 2019-12-02 18:30:51 : Time taken to solve linear system = 0.000378518 seconds
      From worker 5:	Solving target 17 of 100
[ Info: 2019-12-02 18:30:51 : Time taken to construct preconditioner = 0.000461591 seconds
[ Info: 2019-12-02 18:30:51 : Time taken to solve linear system = 0.000380463 seconds
      From worker 5:	    calculating flow potential
[ Info: 2019-12-02 18:30:51 : Time taken to construct preconditioner = 0.000539118 seconds
[ Info: 2019-12-02 18:30:51 : Time taken to solve linear system = 0.000367756 seconds
      From worker 5:	Solving target 18 of 100
[ Info: 2019-12-02 18:30:51 : Time taken to construct preconditioner = 0.00046598 seconds
[ Info: 2019-12-02 18:30:51 : Time taken to solve linear system = 0.000388138 seconds
      From worker 5:	    calculating flow potential
[ Info: 2019-12-02 18:30:51 : Time taken to construct preconditioner = 0.000526051 seconds
[ Info: 2019-12-02 18:30:51 : Time taken to solve linear system = 0.00039331 seconds
      From worker 5:	Solving target 19 of 100
[ Info: 2019-12-02 18:30:51 : Time taken to construct preconditioner = 0.000409049 seconds
[ Info: 2019-12-02 18:30:51 : Time taken to solve linear system = 0.000296277 seconds
      From worker 5:	    calculating flow potential
[ Info: 2019-12-02 18:30:51 : Time taken to construct preconditioner = 0.000439977 seconds
[ Info: 2019-12-02 18:30:51 : Time taken to solve linear system = 0.000330948 seconds
      From worker 5:	Solving target 20 of 100
[ Info: 2019-12-02 18:30:51 : Time taken to construct preconditioner = 0.000310168 seconds
[ Info: 2019-12-02 18:30:51 : Time taken to solve linear system = 0.000236669 seconds
      From worker 5:	    calculating flow potential
[ Info: 2019-12-02 18:30:51 : Time taken to construct preconditioner = 0.000362557 seconds
[ Info: 2019-12-02 18:30:51 : Time taken to solve linear system = 0.000237173 seconds
      From worker 5:	Solving target 21 of 100
[ Info: 2019-12-02 18:30:51 : Time taken to construct preconditioner = 0.000336294 seconds
[ Info: 2019-12-02 18:30:51 : Time taken to solve linear system = 0.000229055 seconds
      From worker 5:	    calculating flow potential
[ Info: 2019-12-02 18:30:51 : Time taken to construct preconditioner = 0.000395284 seconds
[ Info: 2019-12-02 18:30:51 : Time taken to solve linear system = 0.000269281 seconds
      From worker 5:	Solving target 22 of 100
[ Info: 2019-12-02 18:30:51 : Time taken to construct preconditioner = 0.000462594 seconds
[ Info: 2019-12-02 18:30:51 : Time taken to solve linear system = 0.00030328 seconds
      From worker 5:	    calculating flow potential
[ Info: 2019-12-02 18:30:51 : Time taken to construct preconditioner = 0.000550432 seconds
[ Info: 2019-12-02 18:30:51 : Time taken to solve linear system = 0.000398925 seconds
      From worker 5:	Solving target 23 of 100
[ Info: 2019-12-02 18:30:51 : Time taken to construct preconditioner = 0.00051878 seconds
[ Info: 2019-12-02 18:30:51 : Time taken to solve linear system = 0.0003033 seconds
      From worker 5:	    calculating flow potential
[ Info: 2019-12-02 18:30:51 : Time taken to construct preconditioner = 0.000688626 seconds
[ Info: 2019-12-02 18:30:51 : Time taken to solve linear system = 0.000500881 seconds
      From worker 5:	Solving target 24 of 100
[ Info: 2019-12-02 18:30:51 : Time taken to construct preconditioner = 0.00045362 seconds
[ Info: 2019-12-02 18:30:51 : Time taken to solve linear system = 0.000306876 seconds
      From worker 5:	    calculating flow potential
[ Info: 2019-12-02 18:30:51 : Time taken to construct preconditioner = 0.000674384 seconds
[ Info: 2019-12-02 18:30:51 : Time taken to solve linear system = 0.000491377 seconds
      From worker 5:	Solving target 25 of 100
[ Info: 2019-12-02 18:30:51 : Time taken to construct preconditioner = 0.000494651 seconds
[ Info: 2019-12-02 18:30:51 : Time taken to solve linear system = 0.000399551 seconds
      From worker 5:	    calculating flow potential
[ Info: 2019-12-02 18:30:51 : Time taken to construct preconditioner = 0.006487858 seconds
[ Info: 2019-12-02 18:30:51 : Time taken to solve linear system = 0.000465553 seconds
      From worker 5:	Solving target 26 of 100
[ Info: 2019-12-02 18:30:51 : Time taken to construct preconditioner = 0.000445107 seconds
[ Info: 2019-12-02 18:30:51 : Time taken to solve linear system = 0.000449803 seconds
      From worker 5:	    calculating flow potential
[ Info: 2019-12-02 18:30:51 : Time taken to construct preconditioner = 0.000593379 seconds
[ Info: 2019-12-02 18:30:51 : Time taken to solve linear system = 0.000486129 seconds
      From worker 5:	Solving target 27 of 100
[ Info: 2019-12-02 18:30:51 : Time taken to construct preconditioner = 0.000445161 seconds
[ Info: 2019-12-02 18:30:51 : Time taken to solve linear system = 0.000453738 seconds
      From worker 5:	    calculating flow potential
[ Info: 2019-12-02 18:30:51 : Time taken to construct preconditioner = 0.000598313 seconds
[ Info: 2019-12-02 18:30:51 : Time taken to solve linear system = 0.000534332 seconds
      From worker 5:	Solving target 28 of 100
[ Info: 2019-12-02 18:30:51 : Time taken to construct preconditioner = 0.000454277 seconds
[ Info: 2019-12-02 18:30:51 : Time taken to solve linear system = 0.00040595 seconds
      From worker 5:	    calculating flow potential
[ Info: 2019-12-02 18:30:51 : Time taken to construct preconditioner = 0.000604845 seconds
[ Info: 2019-12-02 18:30:51 : Time taken to solve linear system = 0.000481513 seconds
      From worker 5:	Solving target 29 of 100
[ Info: 2019-12-02 18:30:51 : Time taken to construct preconditioner = 0.00038516 seconds
[ Info: 2019-12-02 18:30:51 : Time taken to solve linear system = 0.00045708 seconds
      From worker 5:	    calculating flow potential
[ Info: 2019-12-02 18:30:51 : Time taken to construct preconditioner = 0.000478144 seconds
[ Info: 2019-12-02 18:30:51 : Time taken to solve linear system = 0.00033406 seconds
      From worker 5:	Solving target 30 of 100
[ Info: 2019-12-02 18:30:51 : Time taken to construct preconditioner = 0.000320612 seconds
[ Info: 2019-12-02 18:30:51 : Time taken to solve linear system = 0.0002773 seconds
      From worker 5:	    calculating flow potential
[ Info: 2019-12-02 18:30:51 : Time taken to construct preconditioner = 0.000414783 seconds
[ Info: 2019-12-02 18:30:51 : Time taken to solve linear system = 0.000320747 seconds
      From worker 5:	Solving target 31 of 100
[ Info: 2019-12-02 18:30:51 : Time taken to construct preconditioner = 0.000334037 seconds
[ Info: 2019-12-02 18:30:51 : Time taken to solve linear system = 0.000190231 seconds
      From worker 5:	    calculating flow potential
[ Info: 2019-12-02 18:30:51 : Time taken to construct preconditioner = 0.000396338 seconds
[ Info: 2019-12-02 18:30:51 : Time taken to solve linear system = 0.000273749 seconds
      From worker 5:	Solving target 32 of 100
      From worker 4:	Solving target 3 of 100
[ Info: 2019-12-02 18:30:51 : Time taken to construct preconditioner = 0.000422484 seconds
[ Info: 2019-12-02 18:30:51 : Time taken to solve linear system = 0.000322288 seconds
      From worker 5:	    calculating flow potential
[ Info: 2019-12-02 18:30:51 : Time taken to construct preconditioner = 0.000463193 seconds
[ Info: 2019-12-02 18:30:51 : Time taken to solve linear system = 0.000360761 seconds
      From worker 5:	Solving target 33 of 100
[ Info: 2019-12-02 18:30:51 : Time taken to construct preconditioner = 0.000480124 seconds
[ Info: 2019-12-02 18:30:51 : Time taken to solve linear system = 0.000400431 seconds
      From worker 5:	    calculating flow potential
[ Info: 2019-12-02 18:30:51 : Time taken to construct preconditioner = 0.000624684 seconds
[ Info: 2019-12-02 18:30:51 : Time taken to solve linear system = 0.000444179 seconds
      From worker 5:	Solving target 34 of 100
[ Info: 2019-12-02 18:30:51 : Time taken to construct preconditioner = 0.00044773 seconds
[ Info: 2019-12-02 18:30:51 : Time taken to solve linear system = 0.000345478 seconds
      From worker 5:	    calculating flow potential
[ Info: 2019-12-02 18:30:51 : Time taken to construct preconditioner = 0.000608093 seconds
[ Info: 2019-12-02 18:30:51 : Time taken to solve linear system = 0.000473906 seconds
      From worker 5:	Solving target 35 of 100
[ Info: 2019-12-02 18:30:51 : Time taken to construct preconditioner = 0.000472106 seconds
[ Info: 2019-12-02 18:30:51 : Time taken to solve linear system = 0.000394875 seconds
      From worker 5:	    calculating flow potential
[ Info: 2019-12-02 18:30:51 : Time taken to construct preconditioner = 0.000618478 seconds
[ Info: 2019-12-02 18:30:51 : Time taken to solve linear system = 0.000484556 seconds
      From worker 5:	Solving target 36 of 100
[ Info: 2019-12-02 18:30:51 : Time taken to construct preconditioner = 0.000456861 seconds
[ Info: 2019-12-02 18:30:51 : Time taken to solve linear system = 0.000392686 seconds
      From worker 5:	    calculating flow potential
[ Info: 2019-12-02 18:30:51 : Time taken to construct preconditioner = 0.000613719 seconds
[ Info: 2019-12-02 18:30:51 : Time taken to solve linear system = 0.000467693 seconds
      From worker 5:	Solving target 37 of 100
