<!DOCTYPE html>
<html lang="en">
  <head>
    <meta charset="utf-8">
    <meta http-equiv="X-UA-Compatible" content="IE=edge">
    <meta name="viewport" content="width=device-width, initial-scale=1">
    <title>Julia Package Listing - Testing Information</title>

    <style>/* -- Mix of julialang.org, Bootstrap 3, and custom -- */
body {
  background-color: white;
  font-family: Georgia, 'Liberation Serif', serif;
  font-size: 14px;
  color: #333;
  line-height: 1.42857143;
}
.site {
  max-width: 785px;
  margin: 2.5em auto 2em;
  padding: 0 1.5em;
}
a {
  color: #428bca;
  text-decoration: none;
}
h1, h2, h3, h4, h5, h6 {
  font-family: inherit;
  font-weight: 500;
  line-height: 1.1;
  color: inherit;
}
h1, h2, h3 {
    margin-top: 20px;
    margin-bottom: 10px;
}
h2 {
  font-size: 30px;
}
h3 {
    font-size: 24px;
}
h4 {
  font-size: 18px;
  margin-top: 10px;
  margin-bottom: 10px;
}
.titlebox {
  text-align: center;
  font-size: 120%;
  margin-top: 3em;
}
.ok     { background-color: #11AA11; } /*Tests passing*/
.fail   { background-color: #DD3333; } /*Tests failed*/
.skip   { background-color: #3333DD; } /*Tests skipped*/
.kill   { background-color: #222222; } /*Tests interrupted*/
.statusbox {
  width: 12px;
  height: 12px;
  display: inline-block;
}
hr {
  margin-top: 10px;
  margin-bottom: 0px;
  border: 0;
  border-top: 1px solid #eee;
}
.pkglisting h2 { margin-bottom: 0px; }
pre {margin: 0;}
@media (min-width: 785px) {
  .pkglisting {
    display: table;
    width: 100%;
  }
  .pkgnamedesc {
    display: table-cell;
    width: 50%;
  }
  .pkgvertest {
    display: table-cell;
    width:50%;
    text-align: right
  }
}
/* collapsible sections */
.collapsible {
  font-family: Georgia, 'Liberation Serif', serif;
  font-size: 14px;
  background: none;
  border: none;
  margin: 0;
  padding: 0;
  cursor: pointer;
}
.content {
  display: none;
  overflow: hidden;
}
</style>
  </head>

  <body>
  <div class="site">
    <!-- HEADER -->
    <div class="titlebox">
        <svg version="1.1" id="Layer_1" xmlns="http://www.w3.org/2000/svg" xmlns:xlink="http://www.w3.org/1999/xlink" x="0px" y="0px" width="210px" height="142px" viewBox="0 0 310 216" enable-background="new 0 0 310 216" xml:space="preserve">

<!-- blue dot -->
<circle fill="#6b85dd" stroke="#4266d5" stroke-width="3" cx="50.5" cy="58.665" r="16.5"></circle>
<!-- red dot -->
<circle fill="#d66661" stroke="#c93d39" stroke-width="3" cx="212.459" cy="60.249" r="16.5"></circle>
<!-- green dot -->
<circle fill="#6bab5b" stroke="#3b972e" stroke-width="3" cx="233.834" cy="23.874" r="16.5"></circle>
<!-- purple dot -->
<circle fill="#aa7dc0" stroke="#945bb0" stroke-width="3" cx="255.459" cy="59.999" r="16.5"></circle>

<!-- "j" -->
<path fill="#252525" d="M37.216,138.427c0-15.839,0.006-31.679-0.018-47.517c-0.001-0.827,0.169-1.234,1.043-1.47
    c7.876-2.127,15.739-4.308,23.606-6.47c1.33-0.366,1.333-0.36,1.333,1.019c0,25.758,0.015,51.517-0.012,77.274
    c-0.006,5.514,0.245,11.032-0.272,16.543c-0.628,6.69-2.15,13.092-6.438,18.506c-3.781,4.771-8.898,7.25-14.767,8.338
    c-6.599,1.222-13.251,1.552-19.934,0.938c-4.616-0.423-9.045-1.486-12.844-4.363c-2.863-2.168-4.454-4.935-3.745-8.603
    c0.736-3.806,3.348-5.978,6.861-7.127c2.262-0.74,4.628-0.872,6.994-0.53c1.823,0.264,3.42,1.023,4.779,2.288
    c1.38,1.284,2.641,2.674,3.778,4.177c0.872,1.15,1.793,2.256,2.991,3.086c2.055,1.426,4,0.965,5.213-1.216
    c0.819-1.473,0.997-3.106,1.173-4.731c0.255-2.348,0.255-4.707,0.256-7.062C37.218,167.145,37.216,152.786,37.216,138.427z"></path>

<!-- "u" -->
<path fill="#252525" d="M125.536,162.479c-2.908,2.385-5.783,4.312-8.88,5.904c-10.348,5.323-20.514,4.521-30.324-1.253
    c-6.71-3.95-11.012-9.849-12.52-17.606c-0.236-1.213-0.363-2.438-0.363-3.688c0.01-19.797,0.017-39.593-0.02-59.39
    c-0.002-1.102,0.285-1.357,1.363-1.351c7.798,0.049,15.597,0.044,23.396,0.003c0.95-0.005,1.177,0.25,1.175,1.183
    c-0.027,19.356-0.025,38.713-0.018,58.07c0.002,6.34,3.599,10.934,9.672,12.42c2.13,0.521,4.19,0.396,6.173-0.6
    c4.26-2.139,7.457-5.427,10.116-9.307c0.333-0.487,0.224-1,0.224-1.51c0.007-19.635,0.016-39.271-0.02-58.904
    c-0.002-1.083,0.255-1.369,1.353-1.361c7.838,0.052,15.677,0.045,23.515,0.004c0.916-0.005,1.103,0.244,1.102,1.124
    c-0.025,27.677-0.026,55.353,0.002,83.024c0.001,0.938-0.278,1.099-1.139,1.095c-7.918-0.028-15.837-0.028-23.756-0.001
    c-0.815,0.003-1.1-0.166-1.073-1.037C125.581,167.117,125.536,164.928,125.536,162.479z"></path>

<!-- "l" -->
<path fill="#252525" d="M187.423,107.08c0,20.637-0.011,41.273,0.026,61.91c0.003,1.119-0.309,1.361-1.381,1.355
    c-7.799-0.052-15.598-0.047-23.396-0.008c-0.898,0.008-1.117-0.222-1.115-1.115c0.021-39.074,0.021-78.147,0-117.226
    c0-0.811,0.189-1.169,1.006-1.392c7.871-2.149,15.73-4.327,23.584-6.545c1.045-0.295,1.308-0.17,1.306,0.985
    C187.412,65.727,187.423,86.403,187.423,107.08z"></path>

<!-- "i" -->
<path fill="#252525" d="M223.46,126.477c0,14.155-0.011,28.312,0.021,42.467c0.002,1.027-0.164,1.418-1.332,1.408
    c-7.838-0.061-15.676-0.047-23.516-0.01c-0.881,0.004-1.121-0.189-1.119-1.104c0.026-26.153,0.025-52.307,0-78.458
    c0-0.776,0.203-1.101,0.941-1.302c7.984-2.172,15.972-4.35,23.938-6.596c1.049-0.296,1.08,0.031,1.078,0.886
    C223.454,98.004,223.46,112.239,223.46,126.477z"></path>

<!-- "a" -->
<path fill="#252525" d="M277.695,163.6c-0.786,0.646-1.404,1.125-2,1.635c-4.375,3.746-9.42,5.898-15.16,6.42
    c-5.792,0.527-11.479,0.244-16.934-2.047c-12.08-5.071-15.554-17.188-11.938-27.448c1.799-5.111,5.472-8.868,9.831-11.94
    c5.681-4.003,12.009-6.732,18.504-9.074c5.576-2.014,11.186-3.939,16.955-5.347c0.445-0.104,0.773-0.243,0.757-0.854
    c-0.136-4.389,0.261-8.79-0.479-13.165c-1.225-7.209-6.617-10.013-12.895-9.348c-0.516,0.055-1.029,0.129-1.536,0.241
    c-4.877,1.081-7.312,4.413-7.374,10.127c-0.02,1.729-0.229,3.418-0.693,5.084c-0.906,3.229-2.969,5.354-6.168,6.266
    c-3.422,0.979-6.893,0.998-10.23-0.305c-6.529-2.543-8.877-10.164-5.12-16.512c2.249-3.799,5.606-6.4,9.461-8.405
    c6.238-3.246,12.914-4.974,19.896-5.537c7.565-0.61,15.096-0.366,22.49,1.507c4.285,1.085,8.312,2.776,11.744,5.657
    c4.473,3.749,6.776,8.647,6.812,14.374c0.139,21.477,0.096,42.951,0.143,64.428c0.002,0.799-0.248,0.983-1.021,0.98
    c-8.035-0.025-16.074-0.023-24.113-0.001c-0.716,0.002-0.973-0.146-0.941-0.915C277.736,167.562,277.695,165.698,277.695,163.6z
     M277.695,126.393c-4.793,2.104-9.25,4.373-13.287,7.408c-2.151,1.618-4.033,3.483-5.732,5.581
    c-4.229,5.226-1.988,13.343,1.693,16.599c1.592,1.406,3.359,1.906,5.419,1.521c1.621-0.307,3.149-0.857,4.549-1.734
    c1.521-0.951,2.949-2.072,4.539-2.887c2.31-1.18,2.97-2.861,2.894-5.445C277.561,140.484,277.695,133.527,277.695,126.393z"></path>

</svg>

        <h1>
          <a name="TransformUtils">TransformUtils</a>
        </h1>

        <p>
          <a href="../index.html#TransformUtils">← Back to package list</a>
        </p>

    </div>

    <p>
      If you think that there is an error in how your package is being tested or represented, please file an issue at <a href="https://github.com/JuliaComputing/NewPkgEval.jl">NewPkgEval.jl</a>, making sure to read the FAQ first.
    </p>


    <h3>Results with Julia v1.2.0</h3>

    <p>
      Testing was <strong>successful</strong>.
      Last evaluation was  ago and took 34 seconds.
    </p>

    <p>
      Click <a href="/home/maleadt/Julia/pkg/NewPkgEval/site/build/logs/TransformUtils/1.2.0.log">here</a> to download the log file.
      
    </p>

      <button class="collapsible">Click here to show the log contents.</button>
      <div class="content">
      <pre> Resolving package versions...
 Installed TransformUtils ─ v0.2.2
  Updating `~&#x2F;.julia&#x2F;environments&#x2F;v1.2&#x2F;Project.toml`
  [9b8138ad] + TransformUtils v0.2.2
  Updating `~&#x2F;.julia&#x2F;environments&#x2F;v1.2&#x2F;Manifest.toml`
  [9b8138ad] + TransformUtils v0.2.2
  [2a0f44e3] + Base64 
  [8ba89e20] + Distributed 
  [b77e0a4c] + InteractiveUtils 
  [8f399da3] + Libdl 
  [37e2e46d] + LinearAlgebra 
  [56ddb016] + Logging 
  [d6f4376e] + Markdown 
  [de0858da] + Printf 
  [9abbd945] + Profile 
  [9a3f8284] + Random 
  [9e88b42a] + Serialization 
  [6462fe0b] + Sockets 
  [8dfed614] + Test 
  [4ec0a83e] + Unicode 
   Testing TransformUtils
    Status `&#x2F;tmp&#x2F;jl_sVhTvq&#x2F;Manifest.toml`
  [9b8138ad] TransformUtils v0.2.2
  [2a0f44e3] Base64  [`@stdlib&#x2F;Base64`]
  [8ba89e20] Distributed  [`@stdlib&#x2F;Distributed`]
  [b77e0a4c] InteractiveUtils  [`@stdlib&#x2F;InteractiveUtils`]
  [8f399da3] Libdl  [`@stdlib&#x2F;Libdl`]
  [37e2e46d] LinearAlgebra  [`@stdlib&#x2F;LinearAlgebra`]
  [56ddb016] Logging  [`@stdlib&#x2F;Logging`]
  [d6f4376e] Markdown  [`@stdlib&#x2F;Markdown`]
  [de0858da] Printf  [`@stdlib&#x2F;Printf`]
  [9abbd945] Profile  [`@stdlib&#x2F;Profile`]
  [9a3f8284] Random  [`@stdlib&#x2F;Random`]
  [9e88b42a] Serialization  [`@stdlib&#x2F;Serialization`]
  [6462fe0b] Sockets  [`@stdlib&#x2F;Sockets`]
  [8dfed614] Test  [`@stdlib&#x2F;Test`]
  [4ec0a83e] Unicode  [`@stdlib&#x2F;Unicode`]
Test Summary:                               |
Constructors SO3, Quaternion, AngleAxis...  | No tests
Test Summary:                           | Pass  Total
Ensure basic quaternion operations hold |   10     10
Test Summary:                                       | Pass  Total
Comparison functions for SO3, Quaternion, AngleAxis |    5      5
Test Summary:                                        | Pass  Total
Trivial case quaterion -&gt; SO3 -&gt; Euler -&gt; quaternion |    2      2
┌ Warning: Need better coverage on convert function tests
└ @ Main ~&#x2F;.julia&#x2F;packages&#x2F;TransformUtils&#x2F;x61q0&#x2F;test&#x2F;runtests.jl:67
dAA = AngleAxis(0.7853981633974483, [1.0, 0.0, 0.0])
dAA = so3([0.0 -0.029762760535025513 -0.054119750123688; 0.029762760535025513 0.0 0.03164260227298981; 0.054119750123688 -0.03164260227298981 0.0])
dAA = so3([0.0 -0.0512505628971302 0.27690955745383994; 0.0512505628971302 0.0 -0.16571837869032613; -0.27690955745383994 0.16571837869032613 0.0])
dAA = so3([0.0 -0.12072593371654446 0.07834103778114321; 0.12072593371654446 0.0 0.029207949360272628; -0.07834103778114321 -0.029207949360272628 0.0])
dAA = Quaternion(0.9972504166126651, [-0.04300506569908336, -0.051169288515127226, 0.03199804373612699])
dAA = SO3([0.9971834760018716 0.07227555318280598 -0.020033961189534433; -0.07089196396735084 0.9955044833709201 0.0628104532163972; 0.0244835584357384 -0.061213299212808124 0.9978243770152175])
Test Summary:                        | Pass  Total
Compare SO3 and quaternion rotations |   24     24
Test Summary:       | Pass  Total
Basic SE3 mechanics |    4      4
Compare operations on two different SE3 transforms
xi = SE3(SO3([0.7656487343365102 0.021259434444663064 0.6429074988332248; 0.2499485590474824 0.9110851034498991 -0.32779513739800015; -0.5927121843179767 0.4116697350046268 0.6922573913236558]), [-0.3164260227298981, -0.5411975012368799, 0.2976276053502551])
xj = SE3(SO3([0.9549042620816472 -0.13999157892074346 -0.2618400429452723; 0.1950471529720028 0.9606610311634282 0.19770430273905246; 0.22386258815581694 -0.23985983622794382 0.9446442719822542]), [-0.2920794936027263, 0.7834103778114321, 1.2072593371654445])
Dx = SE3(SO3([0.6471869108941085 0.2750993127147473 -0.7109637617426187; 0.29016273244731466 0.7735247779447374 0.5634403310060901; 0.7049501337442596 -0.5709463950752452 0.42079154326641655]), [-0.1894250908063514, 1.5818159539413756, 0.21115183416690772])
Test Summary:         | Pass  Total
SE3 ⊕ and ⊖ mechanics |    6      6
TransformUtils.convert(Euler, q) = Euler(0.7853981633974484, 0.0, 1.5707963267948963, Quaternion(1.0, [0.0, 0.0, 0.0]))
Test Summary:              | Pass  Total
Previous discovered issues |    3      3
Test Summary:      | Pass  Total
test SO3 logmap... |  301    301
Test Summary:                              | Pass  Total
test in-place and efficient inverse SE3... |    1      1
   Testing TransformUtils tests passed 
</pre>
      </div>

    <h3>Results with Julia v1.3.0</h3>

    <p>
      Testing was <strong>successful</strong>.
      Last evaluation was  ago and took 54 seconds.
    </p>

    <p>
      Click <a href="/home/maleadt/Julia/pkg/NewPkgEval/site/build/logs/TransformUtils/1.3.0.log">here</a> to download the log file.
      
    </p>

      <button class="collapsible">Click here to show the log contents.</button>
      <div class="content">
      <pre> Resolving package versions...
 Installed TransformUtils ─ v0.2.2
  Updating `~&#x2F;.julia&#x2F;environments&#x2F;v1.3&#x2F;Project.toml`
  [9b8138ad] + TransformUtils v0.2.2
  Updating `~&#x2F;.julia&#x2F;environments&#x2F;v1.3&#x2F;Manifest.toml`
  [9b8138ad] + TransformUtils v0.2.2
  [2a0f44e3] + Base64 
  [8ba89e20] + Distributed 
  [b77e0a4c] + InteractiveUtils 
  [8f399da3] + Libdl 
  [37e2e46d] + LinearAlgebra 
  [56ddb016] + Logging 
  [d6f4376e] + Markdown 
  [de0858da] + Printf 
  [9abbd945] + Profile 
  [9a3f8284] + Random 
  [9e88b42a] + Serialization 
  [6462fe0b] + Sockets 
  [8dfed614] + Test 
  [4ec0a83e] + Unicode 
   Testing TransformUtils
    Status `&#x2F;tmp&#x2F;jl_DEXSNa&#x2F;Manifest.toml`
  [9b8138ad] TransformUtils v0.2.2
  [2a0f44e3] Base64  [`@stdlib&#x2F;Base64`]
  [8ba89e20] Distributed  [`@stdlib&#x2F;Distributed`]
  [b77e0a4c] InteractiveUtils  [`@stdlib&#x2F;InteractiveUtils`]
  [8f399da3] Libdl  [`@stdlib&#x2F;Libdl`]
  [37e2e46d] LinearAlgebra  [`@stdlib&#x2F;LinearAlgebra`]
  [56ddb016] Logging  [`@stdlib&#x2F;Logging`]
  [d6f4376e] Markdown  [`@stdlib&#x2F;Markdown`]
  [de0858da] Printf  [`@stdlib&#x2F;Printf`]
  [9abbd945] Profile  [`@stdlib&#x2F;Profile`]
  [9a3f8284] Random  [`@stdlib&#x2F;Random`]
  [9e88b42a] Serialization  [`@stdlib&#x2F;Serialization`]
  [6462fe0b] Sockets  [`@stdlib&#x2F;Sockets`]
  [8dfed614] Test  [`@stdlib&#x2F;Test`]
  [4ec0a83e] Unicode  [`@stdlib&#x2F;Unicode`]
Test Summary:                               |
Constructors SO3, Quaternion, AngleAxis...  | No tests
Test Summary:                           | Pass  Total
Ensure basic quaternion operations hold |   10     10
Test Summary:                                       | Pass  Total
Comparison functions for SO3, Quaternion, AngleAxis |    5      5
Test Summary:                                        | Pass  Total
Trivial case quaterion -&gt; SO3 -&gt; Euler -&gt; quaternion |    2      2
┌ Warning: Need better coverage on convert function tests
└ @ Main ~&#x2F;.julia&#x2F;packages&#x2F;TransformUtils&#x2F;x61q0&#x2F;test&#x2F;runtests.jl:67
dAA = AngleAxis(0.7853981633974483, [1.0, 0.0, 0.0])
dAA = so3([0.0 0.07778881980317555 -0.08709587089258601; -0.07778881980317555 0.0 -0.10125761225120299; 0.08709587089258601 0.10125761225120299 0.0])
dAA = so3([0.0 0.16682354726081763 0.14509400847774664; -0.16682354726081763 0.0 -0.02044119948586903; -0.14509400847774664 0.02044119948586903 0.0])
dAA = so3([0.0 -0.1897452135319704 0.0036615700691259483; 0.1897452135319704 0.0 -0.0005908842193270132; -0.0036615700691259483 0.0005908842193270132 0.0])
dAA = Quaternion(0.994148217519965, [0.014756909025970088, -0.10678475647965122, -0.006969291316730744])
dAA = SO3([0.9813029818328719 0.18996764008064482 0.030931433334153796; -0.1889052763726195 0.9813968056179704 -0.03427982615807595; -0.03686806754494819 0.027795784663042822 0.9989335012654582])
Test Summary:                        | Pass  Total
Compare SO3 and quaternion rotations |   24     24
Test Summary:       | Pass  Total
Basic SE3 mechanics |    4      4
Compare operations on two different SE3 transforms
xi = SE3(SO3([0.8511249181844222 0.40500149282946274 0.3340062341506028; -0.38693575784143763 0.9139686884402173 -0.12223729322322743; -0.3547775259923225 -0.025199749141123516 0.9346110847266853]), [1.0125761225120298, -0.87095870892586, -0.7778881980317555])
xj = SE3(SO3([0.85977363460178 0.020851113376294406 -0.510249476545164; -0.06197968128216197 0.9960404461854694 -0.06373341879118571; 0.5069002035428735 0.08642141305035435 0.8576616599887006]), [0.005908842193270132, 0.03661570069125948, 1.897452135319704])
Dx = SE3(SO3([0.575920119217302 -0.3983171378338108 -0.7139043871476134; 0.2787883595288689 0.9166167143488078 -0.28651500757830933; 0.7685005314714692 -0.03401847563129953 0.6389441888332593]), [-2.1571232232368405, 0.3543749362404039, 2.0532301443944956])
Test Summary:         | Pass  Total
SE3 ⊕ and ⊖ mechanics |    6      6
TransformUtils.convert(Euler, q) = Euler(0.7853981633974484, 0.0, 1.5707963267948963, Quaternion(1.0, [0.0, 0.0, 0.0]))
Test Summary:              | Pass  Total
Previous discovered issues |    3      3
Test Summary:      | Pass  Total
test SO3 logmap... |  301    301
Test Summary:                              | Pass  Total
test in-place and efficient inverse SE3... |    1      1
   Testing TransformUtils tests passed 
</pre>
      </div>

    <h3>Results with Julia v1.3.1-pre-7704df0a5a</h3>

    <p>
      Testing was <strong>successful</strong>.
      Last evaluation was  ago and took 32 seconds.
    </p>

    <p>
      Click <a href="/home/maleadt/Julia/pkg/NewPkgEval/site/build/logs/TransformUtils/1.3.1-pre-7704df0a5a.log">here</a> to download the log file.
      
    </p>

      <button class="collapsible">Click here to show the log contents.</button>
      <div class="content">
      <pre> Resolving package versions...
 Installed TransformUtils ─ v0.2.2
  Updating `~&#x2F;.julia&#x2F;environments&#x2F;v1.3&#x2F;Project.toml`
  [9b8138ad] + TransformUtils v0.2.2
  Updating `~&#x2F;.julia&#x2F;environments&#x2F;v1.3&#x2F;Manifest.toml`
  [9b8138ad] + TransformUtils v0.2.2
  [2a0f44e3] + Base64 
  [8ba89e20] + Distributed 
  [b77e0a4c] + InteractiveUtils 
  [8f399da3] + Libdl 
  [37e2e46d] + LinearAlgebra 
  [56ddb016] + Logging 
  [d6f4376e] + Markdown 
  [de0858da] + Printf 
  [9abbd945] + Profile 
  [9a3f8284] + Random 
  [9e88b42a] + Serialization 
  [6462fe0b] + Sockets 
  [8dfed614] + Test 
  [4ec0a83e] + Unicode 
   Testing TransformUtils
    Status `&#x2F;tmp&#x2F;jl_E3rT3H&#x2F;Manifest.toml`
  [9b8138ad] TransformUtils v0.2.2
  [2a0f44e3] Base64  [`@stdlib&#x2F;Base64`]
  [8ba89e20] Distributed  [`@stdlib&#x2F;Distributed`]
  [b77e0a4c] InteractiveUtils  [`@stdlib&#x2F;InteractiveUtils`]
  [8f399da3] Libdl  [`@stdlib&#x2F;Libdl`]
  [37e2e46d] LinearAlgebra  [`@stdlib&#x2F;LinearAlgebra`]
  [56ddb016] Logging  [`@stdlib&#x2F;Logging`]
  [d6f4376e] Markdown  [`@stdlib&#x2F;Markdown`]
  [de0858da] Printf  [`@stdlib&#x2F;Printf`]
  [9abbd945] Profile  [`@stdlib&#x2F;Profile`]
  [9a3f8284] Random  [`@stdlib&#x2F;Random`]
  [9e88b42a] Serialization  [`@stdlib&#x2F;Serialization`]
  [6462fe0b] Sockets  [`@stdlib&#x2F;Sockets`]
  [8dfed614] Test  [`@stdlib&#x2F;Test`]
  [4ec0a83e] Unicode  [`@stdlib&#x2F;Unicode`]
Test Summary:                               |
Constructors SO3, Quaternion, AngleAxis...  | No tests
Test Summary:                           | Pass  Total
Ensure basic quaternion operations hold |   10     10
Test Summary:                                       | Pass  Total
Comparison functions for SO3, Quaternion, AngleAxis |    5      5
Test Summary:                                        | Pass  Total
Trivial case quaterion -&gt; SO3 -&gt; Euler -&gt; quaternion |    2      2
┌ Warning: Need better coverage on convert function tests
└ @ Main ~&#x2F;.julia&#x2F;packages&#x2F;TransformUtils&#x2F;x61q0&#x2F;test&#x2F;runtests.jl:67
dAA = AngleAxis(0.7853981633974483, [1.0, 0.0, 0.0])
dAA = so3([0.0 0.1058834276445483 0.02195336007859733; -0.1058834276445483 0.0 -0.18327244415690497; -0.02195336007859733 0.18327244415690497 0.0])
dAA = so3([0.0 0.12151509880592407 0.06533253342580288; -0.12151509880592407 0.0 0.05559623465514897; -0.06533253342580288 -0.05559623465514897 0.0])
dAA = so3([0.0 0.040046605609171886 -0.07137810955149963; -0.040046605609171886 0.0 -0.043009483789030994; 0.07137810955149963 0.043009483789030994 0.0])
dAA = Quaternion(0.9935312376672188, [0.10325072668349211, 0.027500523527692472, -0.03845371795389913])
dAA = SO3([0.9924669103578811 -0.010597660199725566 0.12205376455879073; 0.016416730672700483 0.9987707834958581 -0.04676978713966746; -0.12140808374528271 0.04842118992095238 0.9914209325851142])
Test Summary:                        | Pass  Total
Compare SO3 and quaternion rotations |   24     24
Test Summary:       | Pass  Total
Basic SE3 mechanics |    4      4
Compare operations on two different SE3 transforms
xi = SE3(SO3([0.941200232422602 0.2856140155562217 0.18046261830498384; -0.30805513439121524 0.9448373986699986 0.11128487880085268; -0.13872330973145883 -0.16033378992701602 0.9772660431759559]), [1.8327244415690496, 0.2195336007859733, -1.058834276445483])
xj = SE3(SO3([0.9727558178954158 0.20710949951519372 0.10417184821815707; -0.12902050805977777 0.8569593537130016 -0.49897332051302246; -0.19261315440700721 0.4719388957210039 0.8603335698756743]), [0.4300948378903099, -0.7137810955149964, -0.4004660560917188])
Dx = SE3(SO3([0.982023366120338 -0.13452814540066596 0.13240954077685665; 0.18681169113037743 0.79317287057957 -0.5796362561413606; -0.02704626500441934 0.5939519976156507 0.8040457226288124]), [-1.1239739433364453, -1.387999975175028, 0.28641488200506365])
Test Summary:         | Pass  Total
SE3 ⊕ and ⊖ mechanics |    6      6
TransformUtils.convert(Euler, q) = Euler(0.7853981633974484, 0.0, 1.5707963267948963, Quaternion(1.0, [0.0, 0.0, 0.0]))
Test Summary:              | Pass  Total
Previous discovered issues |    3      3
Test Summary:      | Pass  Total
test SO3 logmap... |  301    301
Test Summary:                              | Pass  Total
test in-place and efficient inverse SE3... |    1      1
   Testing TransformUtils tests passed 
</pre>
      </div>


  </div>
  </body>

  <script type="text/javascript">// handle collapsibles
var coll = document.getElementsByClassName("collapsible");
for (var i = 0; i < coll.length; i++) {
    coll[i].textContent = "▸ " + coll[i].textContent
    coll[i].addEventListener("click", function() {
        this.classList.toggle("active");
        var content = this.nextElementSibling;
        if (content.style.display === "block") {
            this.textContent = "▸" + this.textContent.substr(1)
            content.style.display = "none";
        } else {
            this.textContent = "▾" + this.textContent.substr(1)
            content.style.display = "block";
        }
    });
}
</script>
</html>

