 Resolving package versions...
 Installed TransformUtils ─ v0.2.2
  Updating `~/.julia/environments/v1.2/Project.toml`
  [9b8138ad] + TransformUtils v0.2.2
  Updating `~/.julia/environments/v1.2/Manifest.toml`
  [9b8138ad] + TransformUtils v0.2.2
  [2a0f44e3] + Base64 
  [8ba89e20] + Distributed 
  [b77e0a4c] + InteractiveUtils 
  [8f399da3] + Libdl 
  [37e2e46d] + LinearAlgebra 
  [56ddb016] + Logging 
  [d6f4376e] + Markdown 
  [de0858da] + Printf 
  [9abbd945] + Profile 
  [9a3f8284] + Random 
  [9e88b42a] + Serialization 
  [6462fe0b] + Sockets 
  [8dfed614] + Test 
  [4ec0a83e] + Unicode 
   Testing TransformUtils
    Status `/tmp/jl_sVhTvq/Manifest.toml`
  [9b8138ad] TransformUtils v0.2.2
  [2a0f44e3] Base64  [`@stdlib/Base64`]
  [8ba89e20] Distributed  [`@stdlib/Distributed`]
  [b77e0a4c] InteractiveUtils  [`@stdlib/InteractiveUtils`]
  [8f399da3] Libdl  [`@stdlib/Libdl`]
  [37e2e46d] LinearAlgebra  [`@stdlib/LinearAlgebra`]
  [56ddb016] Logging  [`@stdlib/Logging`]
  [d6f4376e] Markdown  [`@stdlib/Markdown`]
  [de0858da] Printf  [`@stdlib/Printf`]
  [9abbd945] Profile  [`@stdlib/Profile`]
  [9a3f8284] Random  [`@stdlib/Random`]
  [9e88b42a] Serialization  [`@stdlib/Serialization`]
  [6462fe0b] Sockets  [`@stdlib/Sockets`]
  [8dfed614] Test  [`@stdlib/Test`]
  [4ec0a83e] Unicode  [`@stdlib/Unicode`]
Test Summary:                               |
Constructors SO3, Quaternion, AngleAxis...  | No tests
Test Summary:                           | Pass  Total
Ensure basic quaternion operations hold |   10     10
Test Summary:                                       | Pass  Total
Comparison functions for SO3, Quaternion, AngleAxis |    5      5
Test Summary:                                        | Pass  Total
Trivial case quaterion -> SO3 -> Euler -> quaternion |    2      2
┌ Warning: Need better coverage on convert function tests
└ @ Main ~/.julia/packages/TransformUtils/x61q0/test/runtests.jl:67
dAA = AngleAxis(0.7853981633974483, [1.0, 0.0, 0.0])
dAA = so3([0.0 -0.029762760535025513 -0.054119750123688; 0.029762760535025513 0.0 0.03164260227298981; 0.054119750123688 -0.03164260227298981 0.0])
dAA = so3([0.0 -0.0512505628971302 0.27690955745383994; 0.0512505628971302 0.0 -0.16571837869032613; -0.27690955745383994 0.16571837869032613 0.0])
dAA = so3([0.0 -0.12072593371654446 0.07834103778114321; 0.12072593371654446 0.0 0.029207949360272628; -0.07834103778114321 -0.029207949360272628 0.0])
dAA = Quaternion(0.9972504166126651, [-0.04300506569908336, -0.051169288515127226, 0.03199804373612699])
dAA = SO3([0.9971834760018716 0.07227555318280598 -0.020033961189534433; -0.07089196396735084 0.9955044833709201 0.0628104532163972; 0.0244835584357384 -0.061213299212808124 0.9978243770152175])
Test Summary:                        | Pass  Total
Compare SO3 and quaternion rotations |   24     24
Test Summary:       | Pass  Total
Basic SE3 mechanics |    4      4
Compare operations on two different SE3 transforms
xi = SE3(SO3([0.7656487343365102 0.021259434444663064 0.6429074988332248; 0.2499485590474824 0.9110851034498991 -0.32779513739800015; -0.5927121843179767 0.4116697350046268 0.6922573913236558]), [-0.3164260227298981, -0.5411975012368799, 0.2976276053502551])
xj = SE3(SO3([0.9549042620816472 -0.13999157892074346 -0.2618400429452723; 0.1950471529720028 0.9606610311634282 0.19770430273905246; 0.22386258815581694 -0.23985983622794382 0.9446442719822542]), [-0.2920794936027263, 0.7834103778114321, 1.2072593371654445])
Dx = SE3(SO3([0.6471869108941085 0.2750993127147473 -0.7109637617426187; 0.29016273244731466 0.7735247779447374 0.5634403310060901; 0.7049501337442596 -0.5709463950752452 0.42079154326641655]), [-0.1894250908063514, 1.5818159539413756, 0.21115183416690772])
Test Summary:         | Pass  Total
SE3 ⊕ and ⊖ mechanics |    6      6
TransformUtils.convert(Euler, q) = Euler(0.7853981633974484, 0.0, 1.5707963267948963, Quaternion(1.0, [0.0, 0.0, 0.0]))
Test Summary:              | Pass  Total
Previous discovered issues |    3      3
Test Summary:      | Pass  Total
test SO3 logmap... |  301    301
Test Summary:                              | Pass  Total
test in-place and efficient inverse SE3... |    1      1
   Testing TransformUtils tests passed 
